Map from character to field name
A:	Anatidae
B:	Corvus macrorhynchos
C:	Gallus gallus
D:	Homo sapiens
E:	Numididae sp.
F:	Pavo
G:	Sus scrofa
H:	?


Substitution rate (mu): 802.664367

Equilibrium frequencies (pi_i):
  A: 0.128
  B: 0.1272
  C: 0.184
  D: 0.1621
  E: 0.1304
  F: 0.1344
  G: 0.1339

Symmetrized rates from j->i (W_ij):
	A	B	C	D	E	F	G
  A	0	0.8958	1.8568	0.8866	0.8865	1.356	1.3309
  B	0.8958	0	1.8004	0.9203	0.8947	0.8933	0.8933
  C	1.8568	1.8004	0	2.5257	1.3476	0.8905	0.8909
  D	0.8866	0.9203	2.5257	0	0.8866	0.8865	0.8865
  E	0.8865	0.8947	1.3476	0.8866	0	0.8868	0.8868
  F	1.356	0.8933	0.8905	0.8865	0.8868	0	0.8869
  G	1.3309	0.8933	0.8909	0.8865	0.8868	0.8869	0

Actual rates from j->i (Q_ij):
	A	B	C	D	E	F	G
  A	0	0.1147	0.2377	0.1135	0.1135	0.1736	0.1704
  B	0.1139	0	0.229	0.1171	0.1138	0.1136	0.1136
  C	0.3416	0.3312	0	0.4646	0.2479	0.1638	0.1639
  D	0.1438	0.1492	0.4095	0	0.1438	0.1437	0.1437
  E	0.1156	0.1166	0.1757	0.1156	0	0.1156	0.1156
  F	0.1823	0.1201	0.1197	0.1192	0.1192	0	0.1192
  G	0.1782	0.1196	0.1193	0.1187	0.1188	0.1188	0
