Map from character to field name
A:	Anatidae
B:	Corvus macrorhynchos
C:	Gallus gallus
D:	Homo sapiens
E:	Numididae sp.
F:	Pavo
G:	Sus scrofa
H:	?


Substitution rate (mu): 802.085825

Equilibrium frequencies (pi_i):
  A: 0.1281
  B: 0.1272
  C: 0.1836
  D: 0.1623
  E: 0.1304
  F: 0.1344
  G: 0.1339

Symmetrized rates from j->i (W_ij):
	A	B	C	D	E	F	G
  A	0	0.8961	1.8575	0.887	0.8869	1.3566	1.3315
  B	0.8961	0	1.7966	0.9203	0.895	0.8937	0.8937
  C	1.8575	1.7966	0	2.5263	1.3481	0.8908	0.8912
  D	0.887	0.9203	2.5263	0	0.887	0.8869	0.8869
  E	0.8869	0.895	1.3481	0.887	0	0.8872	0.8872
  F	1.3566	0.8937	0.8908	0.8869	0.8872	0	0.8873
  G	1.3315	0.8937	0.8912	0.8869	0.8872	0.8873	0

Actual rates from j->i (Q_ij):
	A	B	C	D	E	F	G
  A	0	0.1148	0.2379	0.1136	0.1136	0.1738	0.1706
  B	0.114	0	0.2286	0.1171	0.1139	0.1137	0.1137
  C	0.3411	0.3299	0	0.4639	0.2476	0.1636	0.1636
  D	0.144	0.1494	0.4101	0	0.144	0.144	0.144
  E	0.1157	0.1167	0.1758	0.1157	0	0.1157	0.1157
  F	0.1823	0.1201	0.1197	0.1192	0.1192	0	0.1192
  G	0.1783	0.1197	0.1193	0.1188	0.1188	0.1188	0
